# This input file generated by /Users/mattland/qsc/bin/qscScanGetIndex
general_option = "single"

[qsc]
nfp = 2
nphi = 45
eta_bar = -0.850672967776367
sigma0 = 0.0
B2c = 0.6992816029717995
B2s = 0.0
I2 = 0.0
p2 = 0.0
order_r_option = "r2.1"
R0c = [1.0, -0.17771245578127723, 0.022132966866396323, -0.002946560795040712, 0.00039772618281637553, -5.321772840990015e-05, 5.068407748384025e-06, -1.6874698798124134e-08]
R0s = [0.0, 0.0, 0.0, 0.0, 0.0, 0.0, 0.0, 0.0]
Z0c = [0.0, 0.0, 0.0, 0.0, 0.0, 0.0, 0.0, 0.0]
Z0s = [0.0, 0.18293218931190813, -0.02239996120728965, 0.002968840565896816, -0.0004164146596681652, 5.956794890201564e-05, -5.5724339127709884e-06, 1.712703870839991e-08]
