Scan index 36302:
  iota: 0.4369039299883267
  axis_length: 6.692235196941566
  max elongation: 2.9204514644009985
  r_singularity: 0.4018098546341231
  d^2 volume /d psi^2: 192.15192683752974
  B20 variation: 3.0176176581520053e-05
  L grad B: 0.6238786335311783
  L grad grad B: 0.5748695802456646

#  /Users/mattland/Box Sync/work21/qsc_out.multiopt_scan_QA_nfp2_20210924-01-053_QA_nfp2_iota_no_magwell_bigger.nc   index = 36302
eta_bar = -0.850672967776367
sigma0 = 0.0
B2c = 0.6992816029717995
B2s = 0.0
R0c = [ 1.0,  -0.17771245578127723,  0.022132966866396323,  -0.002946560795040712,  0.00039772618281637553,  -5.321772840990015e-05,  5.068407748384025e-06,  -1.6874698798124134e-08]
R0s = [ 0.0,  0.0,  0.0,  0.0,  0.0,  0.0,  0.0,  0.0]
Z0c = [ 0.0,  0.0,  0.0,  0.0,  0.0,  0.0,  0.0,  0.0]
Z0s = [ 0.0,  0.18293218931190813,  -0.02239996120728965,  0.002968840565896816,  -0.0004164146596681652,  5.956794890201564e-05,  -5.5724339127709884e-06,  1.712703870839991e-08]
weight_B20: 3831.186849557295
weight_grad_B20: 1.0
weight_grad_grad_B: 0.006390804841860312
weight_axis_length: -1.0
target_axis_length: 0.0
weight_iota: 99.99999999999996
target_iota: 0.436969343546088
weight_d2_volume_d_psi2: -1.0
max_d2_volume_d_psi2: 0.0