# This input file generated by /Users/mattland/qsc/bin/qscScanGetIndex
general_option = "single"

[qsc]
nfp = 2
nphi = 151
eta_bar = -0.6724878482843212
sigma0 = 0.0
B2c = -0.11486177082832856
B2s = 0.0
I2 = 0.0
p2 = 0.0
order_r_option = "r2.1"
R0c = [1.0, 0.7292856645690526, 0.267281198688741, 0.07787804745787463, 0.014869956352777696, -8.814327085740274e-09, -0.0013606058063372602, -0.000618872951251309, -0.00016312881149445802, -2.6434587670217276e-05, -2.0961384506872614e-06]
R0s = [0.0, 0.0, 0.0, 0.0, 0.0, 0.0, 0.0, 0.0, 0.0, 0.0, 0.0]
Z0c = [0.0, 0.0, 0.0, 0.0, 0.0, 0.0, 0.0, 0.0, 0.0, 0.0, 0.0]
Z0s = [0.0, 0.5776862063508265, 0.24655438862088427, 0.0792236314930293, 0.016337368525349637, -5.78976898006231e-07, -0.0017045404198165225, -0.0008251813957853172, -0.00023168739199904586, -4.00667350140673e-05, -3.3983689126390955e-06]
