Scan index 29627:
  iota: -0.9148294295589035
  axis_length: 11.452275189647384
  max elongation: 7.235917818013679
  r_singularity: 0.5643779555179298
  d^2 volume /d psi^2: 82.8931319760476
  B20 variation: 0.27735642459946136
  L grad B: 0.8474251200162949
  L grad grad B: 0.8248163373543314

#  /Users/mattland/Box Sync/work21/qsc_out.multiopt_scan_QH_nfp2_20210924-01-078_QH_nfp2_no_magwell.nc   index = 29627
eta_bar = -0.6724878482843212
sigma0 = 0.0
B2c = -0.11486177082832856
B2s = 0.0
R0c = [ 1.0,  0.7292856645690526,  0.267281198688741,  0.07787804745787463,  0.014869956352777696,  -8.814327085740274e-09,  -0.0013606058063372602,  -0.000618872951251309,  -0.00016312881149445802,  -2.6434587670217276e-05,  -2.0961384506872614e-06]
R0s = [ 0.0,  0.0,  0.0,  0.0,  0.0,  0.0,  0.0,  0.0,  0.0,  0.0,  0.0]
Z0c = [ 0.0,  0.0,  0.0,  0.0,  0.0,  0.0,  0.0,  0.0,  0.0,  0.0,  0.0]
Z0s = [ 0.0,  0.5776862063508265,  0.24655438862088427,  0.0792236314930293,  0.016337368525349637,  -5.78976898006231e-07,  -0.0017045404198165225,  -0.0008251813957853172,  -0.00023168739199904586,  -4.00667350140673e-05,  -3.3983689126390955e-06]
weight_B20: 23.82984704172846
weight_grad_B20: 1.0
weight_grad_grad_B: 2.50593616813636
weight_axis_length: 562.3413251903493
target_axis_length: 11.452220937732086
weight_iota: -1.0
target_iota: 0.4
weight_d2_volume_d_psi2: -1.0
max_d2_volume_d_psi2: 0.0
weight_elongation: -1.0