# This input file generated by /Users/matt/qsc/bin/qscScanGetIndex
general_option = "single"

[qsc]
nfp = 4
nphi = 145
eta_bar = 0.9625750680328968
sigma0 = 0.0
B2c = 0.2657914948139745
B2s = 0.0
I2 = 0.0
p2 = -2037183.2704672674
order_r_option = "r2.1"
R0c = [1.0, 0.12443865024753158, 0.010735061542321728, 0.0002755887672881872, -0.00010995926074456381, -1.9852240518756698e-05, -1.0062705282991968e-06, 1.0226884085024948e-07, 1.8118604696216644e-09, -4.864297592364149e-09]
R0s = [0.0, 0.0, 0.0, 0.0, 0.0, 0.0, 0.0, 0.0, 0.0, 0.0]
Z0c = [0.0, 0.0, 0.0, 0.0, 0.0, 0.0, 0.0, 0.0, 0.0, 0.0]
Z0s = [0.0, 0.08512015584832926, 0.009271629079844327, 0.000449225821730355, -6.995035572003503e-05, -1.7068317594727074e-05, -1.1827021444851657e-06, -5.730272110739522e-14, -2.73088122193236e-08, -6.3979047865609305e-09]
