Scan index 6551:
  iota: -1.2540217740939654
  axis_length: 10.791958550215552
  max elongation: 3.500282168894101
  r_singularity: 1.190171502261494
  d^2 volume /d psi^2: 256.6151927415124
  B20 variation: 0.0003725849251738078
  L grad B: 0.5542580066394965
  L grad grad B: 0.5727801001177683

#  /Users/mattland/Box Sync/work21/qsc_out.multiopt_scan_QH_nfp3_20210924-01-046_QH_nfp3_no_magwell_smaller.nc   index = 6551
eta_bar = 1.253110036546191
sigma0 = 0.0
B2c = 0.1426420204102797
B2s = 0.0
R0c = [ 1.0,  0.44342438066028106,  0.1309928804381408,  0.036826101497868344,  0.009472569725432308,  0.0021825892707486904,  0.00043801313411164704,  7.270090423024292e-05,  8.847711104877492e-06,  4.863820022333069e-07,  -6.48572267338807e-08,  -1.309512199798216e-08]
R0s = [ 0.0,  0.0,  0.0,  0.0,  0.0,  0.0,  0.0,  0.0,  0.0,  0.0,  0.0,  0.0]
Z0c = [ 0.0,  0.0,  0.0,  0.0,  0.0,  0.0,  0.0,  0.0,  0.0,  0.0,  0.0,  0.0]
Z0s = [ 0.0,  0.40118483156012347,  0.1245296767597972,  0.0359252575240197,  0.009413071841635272,  0.002202227882755186,  0.00044793727963748345,  7.513385401132283e-05,  9.092986418282475e-06,  3.993637202113794e-07,  -1.1523282290069935e-07,  -2.3010157353892155e-08]
weight_B20: 191.9650885089002
weight_grad_B20: 1.0
weight_grad_grad_B: 0.38167789096181737
weight_axis_length: 10.000000000000002
target_axis_length: 10.771092683876889
weight_iota: -1.0
target_iota: 0.4
weight_d2_volume_d_psi2: -1.0
max_d2_volume_d_psi2: 0.0
