# This input file generated by /Users/mattland/qsc/bin/qscScanGetIndex
general_option = "single"

[qsc]
nfp = 2
nphi = 45
eta_bar = 0.5857024441632604
sigma0 = 0.0
B2c = 0.022622577092147735
B2s = 0.0
I2 = 0.0
p2 = 0.0
order_r_option = "r2.1"
R0c = [1.0, 0.23292415929269913, 0.032593988297827246, 0.004056240354360062, 0.00040039437945110144, 2.4419485542440348e-05, 9.617897939915996e-14, -6.322510434405319e-20]
R0s = [0.0, 0.0, 0.0, 0.0, 0.0, 0.0, 0.0, 0.0]
Z0c = [0.0, 0.0, 0.0, 0.0, 0.0, 0.0, 0.0, 0.0]
Z0s = [0.0, -0.19192953984688477, -0.030686161190102777, -0.004019790807688071, -0.00040113350472490713, -2.3285705049487883e-05, 5.440421702391156e-09, -1.0114554774980882e-20]
