Scan index 39384:
  iota: 0.583577026160168
  axis_length: 6.856085913714322
  max elongation: 6.790986571121893
  r_singularity: 0.7574097263257955
  d^2 volume /d psi^2: -1.0119250155186117
  B20 variation: 8.476292747133796e-05
  L grad B: 0.6173225123335607
  L grad grad B: 0.5827889281335301

#  /Users/mattland/Box Sync/work21/qsc_out.multiopt_scan_QA_nfp2_20210924-01-053_QA_nfp2_iota_no_magwell_bigger.nc   index = 39384
eta_bar = 0.5857024441632604
sigma0 = 0.0
B2c = 0.022622577092147735
B2s = 0.0
R0c = [ 1.0,  0.23292415929269913,  0.032593988297827246,  0.004056240354360062,  0.00040039437945110144,  2.4419485542440348e-05,  9.617897939915996e-14,  -6.322510434405319e-20]
R0s = [ 0.0,  0.0,  0.0,  0.0,  0.0,  0.0,  0.0,  0.0]
Z0c = [ 0.0,  0.0,  0.0,  0.0,  0.0,  0.0,  0.0,  0.0]
Z0s = [ 0.0,  -0.19192953984688477,  -0.030686161190102777,  -0.004019790807688071,  -0.00040113350472490713,  -2.3285705049487883e-05,  5.440421702391156e-09,  -1.0114554774980882e-20]
weight_B20: 7262.917501736221
weight_grad_B20: 1.0
weight_grad_grad_B: 0.08254041852680184
weight_axis_length: -1.0
target_axis_length: 0.0
weight_iota: 316.2277660168377
target_iota: 0.5835649657493756
weight_d2_volume_d_psi2: -1.0
max_d2_volume_d_psi2: 0.0
