# This input file generated by /Users/mattland/qsc/bin/qscScanGetIndex
general_option = "single"

[qsc]
nfp = 2
nphi = 151
eta_bar = -0.7598964639478568
sigma0 = 0.0
B2c = -0.09169914960557547
B2s = 0.0
I2 = 0.0
p2 = 0.0
order_r_option = "r2.1"
R0c = [1.0, 0.6995680628446487, 0.23502036382115418, 0.061503864369157564, 0.010419139882799225, -5.311696004759487e-08, -0.0007331779959884904, -0.0002900010988343009, -6.617198558802484e-05, -9.241481219213564e-06, -6.284956172067802e-07]
R0s = [0.0, 0.0, 0.0, 0.0, 0.0, 0.0, 0.0, 0.0, 0.0, 0.0, 0.0]
Z0c = [0.0, 0.0, 0.0, 0.0, 0.0, 0.0, 0.0, 0.0, 0.0, 0.0, 0.0]
Z0s = [0.0, 0.6214598287182819, 0.23371749756309024, 0.06541788070010997, 0.011645099864023048, -7.5568378122204045e-06, -0.0008931603464766644, -0.00036651597175926245, -8.685195584634676e-05, -1.2617030747711465e-05, -8.945854983981342e-07]
