Scan index 3565:
  iota: -0.9542365804825655
  axis_length: 11.306855999018875
  max elongation: 7.9895283756268896
  r_singularity: 0.5738217887071567
  d^2 volume /d psi^2: 125.8329342127042
  B20 variation: 0.3322606576993725
  L grad B: 0.7916432608886257
  L grad grad B: 0.7728415272378433

#  /Users/mattland/Box Sync/work21/qsc_out.multiopt_scan_QH_nfp2_20210924-01-088_QH_nfp2_refiningPreviousBestFrom078.nc   index = 3565
eta_bar = -0.7598964639478568
sigma0 = 0.0
B2c = -0.09169914960557547
B2s = 0.0
R0c = [ 1.0,  0.6995680628446487,  0.23502036382115418,  0.061503864369157564,  0.010419139882799225,  -5.311696004759487e-08,  -0.0007331779959884904,  -0.0002900010988343009,  -6.617198558802484e-05,  -9.241481219213564e-06,  -6.284956172067802e-07]
R0s = [ 0.0,  0.0,  0.0,  0.0,  0.0,  0.0,  0.0,  0.0,  0.0,  0.0,  0.0]
Z0c = [ 0.0,  0.0,  0.0,  0.0,  0.0,  0.0,  0.0,  0.0,  0.0,  0.0,  0.0]
Z0s = [ 0.0,  0.6214598287182819,  0.23371749756309024,  0.06541788070010997,  0.011645099864023048,  -7.5568378122204045e-06,  -0.0008931603464766644,  -0.00036651597175926245,  -8.685195584634676e-05,  -1.2617030747711465e-05,  -8.945854983981342e-07]
weight_B20: 0.0010000000000000002
weight_grad_B20: 1.0000000000000004e-06
weight_grad_grad_B: 1.0
weight_axis_length: 31.622776601683803
target_axis_length: 11.352275189647385
weight_iota: -1.0
target_iota: 0.4
weight_d2_volume_d_psi2: -1.0
max_d2_volume_d_psi2: 0.0
weight_elongation: 1.0