# This input file generated by /Users/mattland/qsc/bin/qscScanGetIndex
general_option = "single"

[qsc]
nfp = 4
nphi = 61
eta_bar = 1.223997536739022
sigma0 = 0.0
B2c = 0.3718736910311861
B2s = 0.0
I2 = 0.0
p2 = 0.0
order_r_option = "r2.1"
R0c = [1.0, 0.14926993044667297, 0.01587204948263106, 0.0010043592399711031, -5.85533860214574e-05, -2.4314315715204415e-05, -2.3966919977187104e-06, 1.345355468167614e-07, 6.888401256622607e-08, 8.050323470775929e-09]
R0s = [0.0, 0.0, 0.0, 0.0, 0.0, 0.0, 0.0, 0.0, 0.0, 0.0]
Z0c = [0.0, 0.0, 0.0, 0.0, 0.0, 0.0, 0.0, 0.0, 0.0, 0.0]
Z0s = [0.0, 0.11594909628746101, 0.014248631328564852, 0.0011055823478633767, -2.198890583264588e-05, -2.087442020485935e-05, -2.6035447926242065e-06, 2.7971654549690087e-11, 3.216688797052241e-08, 1.3057452698707433e-09]
