Scan index 13558:
  iota: -1.1830848424936582
  axis_length: 7.145636231515177
  max elongation: 5.030093937420649
  r_singularity: 0.4027992805552635
  d^2 volume /d psi^2: -0.9531564323753817
  B20 variation: 0.00019887234380555618
  L grad B: 0.34142583003557464
  L grad grad B: 0.30991516939377484

#  /Users/mattland/Box Sync/work21/qsc_out.multiopt_scan_QH_nfp4_20210924-01-044_magwell_with_grad_grad_B_moreIter.nc   index = 13558
eta_bar = 1.223997536739022
sigma0 = 0.0
B2c = 0.3718736910311861
B2s = 0.0
R0c = [ 1.0,  0.14926993044667297,  0.01587204948263106,  0.0010043592399711031,  -5.85533860214574e-05,  -2.4314315715204415e-05,  -2.3966919977187104e-06,  1.345355468167614e-07,  6.888401256622607e-08,  8.050323470775929e-09]
R0s = [ 0.0,  0.0,  0.0,  0.0,  0.0,  0.0,  0.0,  0.0,  0.0,  0.0]
Z0c = [ 0.0,  0.0,  0.0,  0.0,  0.0,  0.0,  0.0,  0.0,  0.0,  0.0]
Z0s = [ 0.0,  0.11594909628746101,  0.014248631328564852,  0.0011055823478633767,  -2.198890583264588e-05,  -2.087442020485935e-05,  -2.6035447926242065e-06,  2.7971654549690087e-11,  3.216688797052241e-08,  1.3057452698707433e-09]
weight_B20: 2999.9999999999977
weight_grad_B20: 1.0
weight_grad_grad_B: 0.8048087385839178
weight_axis_length: 10.0
target_axis_length: 6.333333333333333
weight_iota: -1.0
target_iota: 0.4
weight_d2_volume_d_psi2: 3.7275937203149376
max_d2_volume_d_psi2: -1.0
