# This input file generated by /Users/mattland/qsc/bin/qscScanGetIndex
general_option = "single"

[qsc]
nfp = 4
nphi = 45
eta_bar = 1.974233103444778
sigma0 = 0.0
B2c = -0.044241682895177166
B2s = 0.0
I2 = 0.0
p2 = 0.0
order_r_option = "r2.1"
R0c = [1.0, 0.24619723924477394, 0.038672333569837916, 0.005610091946503896, 0.0007298258263266787, 8.387525271075969e-05, 8.38752460161228e-06, 7.226687887278079e-07, 5.397569827363418e-08, 3.11242211143247e-09]
R0s = [0.0, 0.0, 0.0, 0.0, 0.0, 0.0, 0.0, 0.0, 0.0, 0.0]
Z0c = [0.0, 0.0, 0.0, 0.0, 0.0, 0.0, 0.0, 0.0, 0.0, 0.0]
Z0s = [0.0, 0.23667443750780295, 0.038003199169693185, 0.005571067860105729, 0.0007297234702793717, 8.424445550244554e-05, 8.430505194228633e-06, 7.193312550055627e-07, 5.240948580535336e-08, 3.147642640211593e-09]
