Scan index 5027:
  iota: -1.3483818501663236
  axis_length: 8.847493181792416
  max elongation: 2.723439821159414
  r_singularity: 0.6097318084179703
  d^2 volume /d psi^2: 496.8532644918888
  B20 variation: 0.006786926367272739
  L grad B: 0.393126830800976
  L grad grad B: 0.39887420923935885

#  /Users/mattland/Box Sync/work21/qsc_out.multiopt_scan_QH_nfp4_20210924-01-031_target_grad_grad_B.nc   index = 5027
eta_bar = 1.974233103444778
sigma0 = 0.0
B2c = -0.044241682895177166
B2s = 0.0
R0c = [ 1.0,  0.24619723924477394,  0.038672333569837916,  0.005610091946503896,  0.0007298258263266787,  8.387525271075969e-05,  8.38752460161228e-06,  7.226687887278079e-07,  5.397569827363418e-08,  3.11242211143247e-09]
R0s = [ 0.0,  0.0,  0.0,  0.0,  0.0,  0.0,  0.0,  0.0,  0.0,  0.0]
Z0c = [ 0.0,  0.0,  0.0,  0.0,  0.0,  0.0,  0.0,  0.0,  0.0,  0.0]
Z0s = [ 0.0,  0.23667443750780295,  0.038003199169693185,  0.005571067860105729,  0.0007297234702793717,  8.424445550244554e-05,  8.430505194228633e-06,  7.193312550055627e-07,  5.240948580535336e-08,  3.147642640211593e-09]
weight_B20: 10.000000000000007
weight_grad_B20: 1.0
weight_grad_grad_B: 0.13335214321633246
weight_axis_length: 10.0
target_axis_length: 8.833333333333334
weight_iota: -1.0
target_iota: 0.4
weight_d2_volume_d_psi2: -1.0
max_d2_volume_d_psi2: 0.0