general_option = 'single'

[qsc]
nfp = 4
nphi = 401
verbose = 0
order_r_option = "r2.1"

R0c = [1.0, 0.364526157493978, 0.121118955282543, 0.0442501956803706, 0.0167330353750722, 0.00642771673694224, 0.00248894981601539, 0.000968018513866967, 0.00037746342020491, 0.000147428591967393, 5.76454424945328e-05, 2.25531946406253e-05, 8.82168816589983e-06, 3.44372305427649e-06, 1.33656083525841e-06, 5.11778503697701e-07, 1.90503825097649e-07, 6.7112150192589e-08, 2.13264982947534e-08, 5.58167149815304e-09, 9.68106325338102e-10, 2.05080481895135e-11, -3.01196911646619e-11, -1.24160079888634e-12]

Z0s = [0.0, 0.348452925506333, 0.118208201403097, 0.0435300780241838, 0.0165374758530089, 0.00637325522789471, 0.00247384835222063, 0.000963898894229973, 0.000376342323515169, 0.000147097870171498, 5.75176913109258e-05, 2.24818089823666e-05, 8.77306129195814e-06, 3.4101895486024e-06, 1.31510010810783e-06, 4.99667861692231e-07, 1.84913811184955e-07, 6.54248703443968e-08, 2.14617350652655e-08, 6.18264134083988e-09, 1.39965848798875e-09, 1.80608129195069e-10, -9.21974743938235e-12, -4.43329488732321e-12]

eta_bar = 1.44414649103253

B2c = 0.398731902154125
