# This input file generated by /Users/mattland/qsc/bin/qscScanGetIndex
general_option = "single"

[qsc]
nfp = 2
nphi = 99
eta_bar = 0.5381503003555732
sigma0 = 0.0
B2c = -0.20186969488341355
B2s = 0.0
I2 = 0.0
p2 = 0.0
order_r_option = "r2.1"
R0c = [1.0, -0.20809780167153516, 0.025994413975046794, -0.0029732058430539388, 0.00029379677425647266, -2.427752383028553e-05, 1.6677169895761976e-06, -9.07142095283468e-08]
R0s = [0.0, 0.0, 0.0, 0.0, 0.0, 0.0, 0.0, 0.0]
Z0c = [0.0, 0.0, 0.0, 0.0, 0.0, 0.0, 0.0, 0.0]
Z0s = [0.0, 0.15877251203908804, -0.02388380641122315, 0.003060481326423, -0.0003289602134462602, 2.8664890357184758e-05, -1.909544117506877e-06, 8.44527780626696e-08]
