  iota: 0.44767282634564654
  axis_length: 6.715381006761633
  max elongation: 7.965373485543514
  r_singularity: 0.49396752832283436
  d^2 volume /d psi^2: -24.44108041113399
  B20 variation: 0.03940304778058451
  L grad B: 0.6202431927510134
  L grad grad B: 0.5575436731978197

#  /Users/mattland/Box Sync/work21/qsc_out.multiopt_scan_QA_nfp2_20210924-01-064_QA_nfp2_magwell_moreTime.nc   index = 9936
eta_bar = 0.5381503003555732
sigma0 = 0.0
B2c = -0.20186969488341355
B2s = 0.0
R0c = [ 1.0,  -0.20809780167153516,  0.025994413975046794,  -0.0029732058430539388,  0.00029379677425647266,  -2.427752383028553e-05,  1.6677169895761976e-06,  -9.07142095283468e-08]
R0s = [ 0.0,  0.0,  0.0,  0.0,  0.0,  0.0,  0.0,  0.0]
Z0c = [ 0.0,  0.0,  0.0,  0.0,  0.0,  0.0,  0.0,  0.0]
Z0s = [ 0.0,  0.15877251203908804,  -0.02388380641122315,  0.003060481326423,  -0.0003289602134462602,  2.8664890357184758e-05,  -1.909544117506877e-06,  8.44527780626696e-08]
weight_B20: 17.012542798525885
weight_grad_B20: 1.0
weight_grad_grad_B: 0.28942661247167506
weight_axis_length: -1.0
target_axis_length: 0.0
weight_iota: 99.9999999998233
target_iota: 0.4477977400118369
weight_d2_volume_d_psi2: 0.03455107294592221
max_d2_volume_d_psi2: -30.0
