# This input file generated by /Users/mattland/qsc/bin/qscScanGetIndex
general_option = "single"

[qsc]
nfp = 3
nphi = 199
eta_bar = 1.7651341559005087
sigma0 = 0.0
B2c = 0.07684004130293909
B2s = 0.0
I2 = 0.0
p2 = 0.0
order_r_option = "r2.1"
R0c = [1.0, 0.3212331244343317, 0.03943449991953602, -0.0021632650102685826, -0.0023489252340098375, -0.0005173950794928223, -2.6469082666162456e-05, 1.4721094807266938e-05, 3.805434287777243e-06, 6.653977073747401e-08, -1.4097074464463122e-07, -2.4001359701528168e-08]
R0s = [0.0, 0.0, 0.0, 0.0, 0.0, 0.0, 0.0, 0.0, 0.0, 0.0, 0.0, 0.0]
Z0c = [0.0, 0.0, 0.0, 0.0, 0.0, 0.0, 0.0, 0.0, 0.0, 0.0, 0.0, 0.0]
Z0s = [0.0, 0.2868807077860539, 0.03748411894629455, -0.0018697266262426712, -0.00226066248236912, -0.0005155636770269274, -2.9725709453475518e-05, 1.420048271899731e-05, 3.893099693658666e-06, 9.757650623088893e-08, -1.4862893220032336e-07, -2.8382502778229755e-08]
