# This config came from the final state of qsc_in.multiopt_QH_nfp7_7_beta0_lowres

general_option = "single"

[qsc]
nfp = 7
nphi = 251
verbose = 1
order_r_option = "r2.1"

eta_bar = 2.63694707090359
  
B2c = 1.89378085087321
  
R0c = [ 1.0, 0.258042492428667, 0.0737980849415119, 0.0245235419692282, 0.0087489425800056, 0.00325710762056782, 0.00124798398776684, 0.00048824282997784, 0.000194039834892702, 7.80531836428887e-05, 3.16850344178095e-05, 1.29427362598943e-05, 5.30054625293292e-06, 2.16386280302807e-06, 8.71522369664416e-07, 3.39805766815203e-07, 1.2389287673191e-07, 3.9648686370117e-08, 9.84425205161371e-09, 1.39986408835728e-09]
  
Z0s = [ 0.0, 0.259299681361503, 0.0744954847634618, 0.0247675058258839, 0.00883445611523715, 0.00328774095300022, 0.00125909923475415, 0.000492254404917503, 0.000195431061105875, 7.84791099248868e-05, 3.17656436049729e-05, 1.29116163099803e-05, 5.24481359745833e-06, 2.11430136671029e-06, 8.36820327603084e-07, 3.19761744590898e-07, 1.14811054736367e-07, 3.69561282325895e-08, 9.69489045054884e-09, 1.59629224344766e-09]

