# This input file generated by /Users/mattland/qsc/bin/qscScanGetIndex
general_option = "single"

[qsc]
nfp = 5
nphi = 99
eta_bar = 2.608198695907488
sigma0 = 0.0
B2c = -0.36621550415288473
B2s = 0.0
I2 = 0.0
p2 = 0.0
order_r_option = "r2.1"
R0c = [1.0, 0.16737352611628725, 0.01636367741950366, 0.0013061152128443117, 7.653410307022249e-05, 2.5135030845430255e-06, 2.869668221424523e-10, 6.972614032990239e-10, -1.5292173777599782e-10, 5.28198957196885e-11]
R0s = [0.0, 0.0, 0.0, 0.0, 0.0, 0.0, 0.0, 0.0, 0.0, 0.0]
Z0c = [0.0, 0.0, 0.0, 0.0, 0.0, 0.0, 0.0, 0.0, 0.0, 0.0]
Z0s = [0.0, 0.16255182641968347, 0.01617048077062549, 0.001304283720166456, 7.731490894886558e-05, 2.580513710600417e-06, -9.273813906730402e-09, 1.5167231995482449e-10, 7.224697999352233e-11, -5.908070483519095e-11]
