# This input file generated by /Users/mattland/qsc/bin/qscScanGetIndex
general_option = "single"

[qsc]
nfp = 4
nphi = 151
eta_bar = 1.4606180839900071
sigma0 = 0.0
B2c = 0.44936821337533667
B2s = 0.0
I2 = 0.0
p2 = 0.0
order_r_option = "r2.1"
R0c = [1.0, 0.39860482322097235, 0.13742753467379626, 0.04803325096752511, 0.015829955618248882, 0.004732885159015808, 0.0012318567255423627, 0.00026225763517739994, 4.0664368743340985e-05, 3.4369536170405217e-06]
R0s = [0.0, 0.0, 0.0, 0.0, 0.0, 0.0, 0.0, 0.0, 0.0, 0.0]
Z0c = [0.0, 0.0, 0.0, 0.0, 0.0, 0.0, 0.0, 0.0, 0.0, 0.0]
Z0s = [0.0, 0.35454874441037176, 0.1266309645454319, 0.04543241436838545, 0.015433478032509423, 0.004802606914396505, 0.0013213205930009404, 0.00030439853012580116, 5.288795538549269e-05, 5.278418141095511e-06]
