Scan index 49595:
  iota: -1.8118414262884013
  axis_length: 12.560466295994443
  max elongation: 2.3082629629574583
  r_singularity: 1.079795497071879
  d^2 volume /d psi^2: 346.4005671671492
  B20 variation: 0.07576123022275655
  L grad B: 0.4533298873961718
  L grad grad B: 0.4558888512378436

#  /Users/matt/Box Sync/work21/qsc_out.multiopt_scan_QH_nfp4_20210924-01-069_QH_nfp4_no_magwell_largeAxisLength.nc   index = 49595
eta_bar = 1.4606180839900071
sigma0 = 0.0
B2c = 0.44936821337533667
B2s = 0.0
R0c = [ 1.0,  0.39860482322097235,  0.13742753467379626,  0.04803325096752511,  0.015829955618248882,  0.004732885159015808,  0.0012318567255423627,  0.00026225763517739994,  4.0664368743340985e-05,  3.4369536170405217e-06]
R0s = [ 0.0,  0.0,  0.0,  0.0,  0.0,  0.0,  0.0,  0.0,  0.0,  0.0]
Z0c = [ 0.0,  0.0,  0.0,  0.0,  0.0,  0.0,  0.0,  0.0,  0.0,  0.0]
Z0s = [ 0.0,  0.35454874441037176,  0.1266309645454319,  0.04543241436838545,  0.015433478032509423,  0.004802606914396505,  0.0013213205930009404,  0.00030439853012580116,  5.288795538549269e-05,  5.278418141095511e-06]
weight_B20: 3.107232505953858
weight_grad_B20: 1.0
weight_grad_grad_B: 0.039235625002582625
weight_axis_length: 10.000000000000002
target_axis_length: 12.556849253158537
weight_iota: -1.0
target_iota: 0.4
weight_d2_volume_d_psi2: -1.0
max_d2_volume_d_psi2: 0.0
weight_elongation: -1.0