# This input file generated by /Users/matt/qsc/bin/qscScanGetIndex
general_option = "single"

[qsc]
nfp = 3
nphi = 145
eta_bar = 1.6803025825772213
sigma0 = 0.0
B2c = -0.6565168929112455
B2s = 0.0
I2 = 0.0
p2 = -1018591.6352336337
order_r_option = "r2.1"
R0c = [1.0, 0.28860561459292855, 0.027589081956369447, -0.004796486313644217, -0.002323104965555731, -0.00030163013293910503, 2.699646301405639e-05, 1.129732139356999e-05, -5.393942847613891e-07, -4.72178790878364e-07, 3.724325885319664e-08, 2.6571677315913995e-08]
R0s = [0.0, 0.0, 0.0, 0.0, 0.0, 0.0, 0.0, 0.0, 0.0, 0.0, 0.0, 0.0]
Z0c = [0.0, 0.0, 0.0, 0.0, 0.0, 0.0, 0.0, 0.0, 0.0, 0.0, 0.0, 0.0]
Z0s = [0.0, 0.23711052344072453, 0.025958237181407343, -0.0040538680258828605, -0.002221339879291082, -0.000322974566111382, 2.0920494264776815e-05, 1.1963140599576709e-05, -2.2537532789647782e-07, -5.225051650017856e-07, 1.986442186916505e-08, 3.24837060175648e-08]
